9
24
0 1
0 10
0 14
1 20
1 25
2 8
2 9
2 19
2 20
3 26
3 27
4 2
4 3
4 4
4 13
4 15
4 17
4 18
4 27
4 28
4 29
5 0
5 2
5 5
5 16
5 17
5 18
5 19
5 20
6 0
6 2
6 5
6 7
6 8
6 12
6 14
7 23
7 25
7 29
8 1
8 2
8 3
8 18
8 19
8 23
8 26
9 0
9 4
9 5
9 27
9 29
10 2
10 4
10 5
10 6
10 7
11 22
11 24
11 27
11 29
12 1
12 6
12 7
12 8
12 10
13 24
13 27
13 28
13 29
14 3
14 4
14 5
14 9
14 11
14 19
14 20
15 17
15 21
15 22
15 23
15 24
15 25
16 0
16 2
16 4
16 8
16 10
16 13
17 4
17 5
17 8
17 9
17 10
17 12
18 22
18 23
18 24
18 25
18 29
19 1
19 2
19 3
19 5
19 10
19 11
19 13
19 18
19 21
19 22
20 25
20 27
20 28
21 1
21 4
21 6
21 8
21 15
21 18
21 19
21 21
21 23
21 26
21 27
21 28
22 0
22 2
22 3
23 26
23 28
23 29
24 6
24 7
24 10
24 12
25 8
25 9
25 10
25 11
26 21
26 22
27 28
27 29
28 1
28 3
28 5
28 8
28 22
29 26
29 28
29 29