0
19
0 2
0 4
0 5
0 10
0 13
0 16
1 1
1 2
1 5
1 16
1 19
2 1
2 8
2 15
2 16
3 0
3 6
3 8
3 10
3 13
3 15
3 16
3 17
4 2
4 4
4 5
4 12
4 14
4 16
5 0
5 1
5 5
5 8
5 10
5 12
5 13
5 18
6 5
6 7
6 9
6 11
6 13
6 17
6 19
7 9
7 12
7 15
7 17
7 18
7 19
8 0
8 1
8 4
8 5
8 7
8 10
8 13
8 17
9 2
9 3
9 5
9 11
9 15
10 2
10 8
10 11
10 12
11 3
11 5
11 6
11 9
11 12
11 13
11 18
11 19
12 1
12 2
12 4
12 5
12 9
12 10
12 11
12 14
12 19
13 3
13 5
13 6
13 8
13 13
14 3
14 4
14 9
14 19
15 1
15 3
15 5
15 8
15 11
15 14
15 16
15 17
15 18
15 19
16 8
16 14
17 0
17 5
17 8
17 12
17 14
17 16
17 19
18 0
18 10
18 11
18 13
18 19
19 2
19 5
19 6
19 8
19 16
19 17
19 18