0 1
0 10
0 14
0 19
0 20
0 25
0 28
0 29
1 3
1 7
1 8
1 9
1 11
1 13
1 14
1 18
1 20
1 25
1 27
1 29
2 0
2 3
2 4
2 5
2 7
2 8
2 9
2 12
2 16
2 17
2 18
2 19
2 20
2 24
2 26
2 27
2 28
2 29
3 5
3 7
3 10
3 14
3 17
3 19
3 20
3 24
3 26
3 27
3 29
4 0
4 2
4 3
4 4
4 6
4 8
4 9
4 10
4 11
4 13
4 15
4 17
4 18
4 21
4 23
4 24
4 25
4 27
4 28
4 29
5 0
5 2
5 5
5 7
5 9
5 11
5 12
5 16
5 17
5 18
5 19
5 20
5 22
5 23
5 25
5 27
5 29
6 0
6 2
6 5
6 7
6 8
6 12
6 14
6 16
6 17
6 19
6 20
6 21
6 22
6 24
6 25
6 27
6 28
7 2
7 9
7 10
7 15
7 18
7 19
7 21
7 23
7 25
7 29
8 1
8 2
8 3
8 6
8 7
8 9
8 12
8 14
8 16
8 18
8 19
8 23
8 24
8 25
8 26
9 0
9 4
9 5
9 7
9 9
9 11
9 13
9 14
9 15
9 19
9 20
9 21
9 22
9 23
9 25
9 27
9 28
9 29
10 2
10 4
10 5
10 6
10 7
10 9
10 10
10 14
10 17
10 19
10 26
10 28
11 0
11 9
11 13
11 16
11 21
11 22
11 24
11 27
11 29
12 1
12 6
12 7
12 8
12 10
12 12
12 15
12 18
12 19
12 20
12 23
12 25
12 26
12 27
12 29
13 2
13 7
13 8
13 10
13 12
13 14
13 16
13 17
13 22
13 24
13 27
13 28
13 29
14 3
14 4
14 5
14 9
14 11
14 19
14 20
14 22
14 28
14 29
15 0
15 4
15 9
15 16
15 17
15 21
15 22
15 23
15 24
15 25
16 0
16 2
16 4
16 8
16 10
16 13
16 19
16 21
16 22
16 23
16 24
16 25
16 28
16 29
17 1
17 2
17 4
17 5
17 8
17 9
17 10
17 12
17 13
17 14
17 15
17 18
17 19
17 21
17 24
17 28
17 29
18 0
18 2
18 3
18 5
18 6
18 7
18 8
18 10
18 11
18 18
18 19
18 20
18 21
18 22
18 23
18 24
18 25
18 29
19 1
19 2
19 3
19 5
19 10
19 11
19 13
19 18
19 21
19 22
19 25
19 26
19 27
19 28
19 29
20 0
20 2
20 3
20 4
20 6
20 9
20 13
20 14
20 16
20 19
20 20
20 21
20 23
20 24
20 25
20 27
20 28
21 1
21 4
21 6
21 8
21 15
21 18
21 19
21 21
21 23
21 26
21 27
21 28
22 0
22 2
22 3
22 5
22 6
22 8
22 9
22 10
22 11
22 13
22 15
22 16
22 17
22 19
22 20
22 21
22 25
22 28
23 2
23 3
23 5
23 6
23 7
23 9
23 10
23 11
23 15
23 17
23 18
23 19
23 25
23 26
23 28
23 29
24 0
24 2
24 6
24 7
24 9
24 10
24 12
24 13
24 14
24 17
24 18
24 19
24 25
24 26
25 0
25 2
25 4
25 6
25 7
25 8
25 9
25 10
25 11
25 14
25 15
25 16
25 19
25 24
25 28
26 0
26 1
26 2
26 4
26 7
26 10
26 14
26 17
26 18
26 21
26 22
26 26
26 27
27 2
27 4
27 6
27 8
27 11
27 13
27 14
27 16
27 21
27 22
27 23
27 28
27 29
28 1
28 3
28 5
28 8
28 10
28 11
28 12
28 13
28 14
28 15
28 17
28 19
28 20
28 22
28 24
28 28
29 0
29 3
29 5
29 6
29 8
29 11
29 12
29 14
29 15
29 18
29 20
29 23
29 25
29 26
29 28
29 29