0
99
0 6
0 7
0 10
0 12
0 13
0 15
0 17
0 20
0 27
0 30
0 31
0 32
0 35
0 43
0 51
0 52
0 56
0 57
0 59
0 60
0 62
0 63
0 66
0 69
0 71
0 72
0 75
0 81
0 86
0 87
0 88
0 90
0 91
0 97
0 98
0 99
1 1
1 3
1 8
1 10
1 11
1 18
1 19
1 21
1 22
1 28
1 32
1 33
1 35
1 36
1 43
1 44
1 45
1 50
1 53
1 54
1 61
1 62
1 65
1 66
1 71
1 72
1 75
1 84
1 85
1 86
1 88
1 94
1 97
1 98
2 4
2 7
2 10
2 12
2 17
2 18
2 19
2 20
2 22
2 23
2 26
2 27
2 28
2 32
2 33
2 34
2 35
2 39
2 40
2 41
2 51
2 53
2 61
2 62
2 63
2 68
2 69
2 71
2 76
2 82
2 84
2 87
2 89
2 93
2 94
2 97
3 1
3 2
3 12
3 16
3 19
3 21
3 22
3 24
3 33
3 36
3 39
3 41
3 46
3 47
3 49
3 50
3 51
3 57
3 60
3 64
3 71
3 79
3 80
3 85
3 86
3 89
3 91
3 95
3 99
4 3
4 6
4 9
4 10
4 12
4 13
4 20
4 21
4 25
4 26
4 28
4 29
4 32
4 33
4 35
4 37
4 40
4 42
4 44
4 48
4 52
4 54
4 56
4 59
4 61
4 63
4 64
4 65
4 68
4 71
4 74
4 75
4 79
4 84
4 91
5 8
5 23
5 25
5 28
5 31
5 32
5 33
5 34
5 35
5 40
5 46
5 47
5 54
5 58
5 61
5 63
5 65
5 68
5 69
5 70
5 71
5 72
5 73
5 78
5 82
5 86
5 87
5 88
5 91
5 96
6 1
6 5
6 6
6 11
6 12
6 13
6 15
6 18
6 28
6 30
6 35
6 37
6 41
6 44
6 46
6 48
6 50
6 53
6 56
6 57
6 63
6 64
6 65
6 67
6 69
6 75
6 80
6 85
6 86
6 88
6 89
6 97
6 98
6 99
7 4
7 7
7 13
7 15
7 19
7 20
7 23
7 25
7 26
7 29
7 30
7 32
7 33
7 35
7 47
7 50
7 59
7 60
7 62
7 65
7 66
7 72
7 80
7 83
7 84
7 87
7 95
7 99
8 3
8 8
8 9
8 10
8 12
8 14
8 21
8 30
8 31
8 34
8 35
8 38
8 42
8 43
8 46
8 48
8 52
8 54
8 58
8 62
8 63
8 65
8 70
8 72
8 75
8 77
8 79
8 81
8 84
8 85
8 86
8 89
8 95
8 97
8 98
9 1
9 3
9 4
9 7
9 9
9 16
9 23
9 25
9 27
9 29
9 30
9 31
9 32
9 33
9 34
9 35
9 37
9 39
9 40
9 46
9 47
9 48
9 49
9 51
9 54
9 59
9 60
9 66
9 67
9 70
9 72
9 76
9 80
9 81
9 87
9 88
9 89
9 91
9 95
9 96
10 3
10 4
10 13
10 14
10 15
10 17
10 19
10 21
10 25
10 28
10 29
10 34
10 36
10 46
10 47
10 48
10 50
10 52
10 55
10 56
10 63
10 64
10 66
10 74
10 79
10 87
10 88
10 90
10 93
10 94
10 95
10 96
10 98
11 4
11 5
11 6
11 7
11 8
11 10
11 11
11 12
11 14
11 17
11 19
11 23
11 29
11 32
11 34
11 35
11 36
11 41
11 45
11 46
11 47
11 51
11 52
11 53
11 61
11 62
11 65
11 69
11 70
11 72
11 74
11 76
11 87
11 97
11 99
12 2
12 3
12 6
12 10
12 12
12 24
12 25
12 30
12 37
12 38
12 42
12 47
12 55
12 56
12 57
12 61
12 62
12 63
12 65
12 72
12 76
12 78
12 81
12 85
12 88
12 90
12 96
12 97
13 2
13 3
13 7
13 10
13 11
13 15
13 16
13 18
13 22
13 25
13 26
13 31
13 34
13 35
13 36
13 39
13 42
13 44
13 45
13 48
13 49
13 50
13 54
13 57
13 59
13 60
13 61
13 64
13 67
13 69
13 71
13 76
13 78
13 82
13 84
13 85
13 88
13 89
13 90
13 93
13 96
13 98
14 0
14 7
14 8
14 9
14 13
14 15
14 16
14 20
14 22
14 25
14 27
14 28
14 30
14 31
14 35
14 36
14 38
14 40
14 43
14 50
14 51
14 53
14 55
14 56
14 59
14 60
14 65
14 67
14 71
14 72
14 73
14 78
14 79
14 83
14 90
14 94
14 95
14 98
14 99
15 3
15 5
15 6
15 7
15 8
15 12
15 17
15 18
15 20
15 31
15 32
15 35
15 36
15 41
15 44
15 47
15 51
15 54
15 56
15 58
15 59
15 61
15 64
15 65
15 66
15 68
15 72
15 74
15 77
15 78
15 80
15 85
15 86
15 97
16 0
16 5
16 6
16 11
16 15
16 17
16 18
16 21
16 36
16 37
16 42
16 56
16 58
16 64
16 66
16 67
16 70
16 73
16 76
16 77
16 78
16 79
16 80
16 82
16 88
16 89
16 91
16 93
16 95
17 0
17 2
17 11
17 12
17 13
17 18
17 24
17 25
17 30
17 36
17 42
17 43
17 50
17 51
17 52
17 53
17 58
17 62
17 65
17 66
17 68
17 70
17 72
17 75
17 77
17 89
17 90
17 97
17 98
18 0
18 7
18 8
18 9
18 14
18 23
18 27
18 37
18 38
18 45
18 46
18 47
18 54
18 59
18 60
18 66
18 70
18 71
18 72
18 74
18 76
18 82
18 84
18 85
18 87
18 93
18 96
18 98
18 99
19 3
19 6
19 8
19 12
19 15
19 17
19 18
19 20
19 22
19 25
19 26
19 30
19 31
19 36
19 39
19 44
19 50
19 54
19 56
19 59
19 60
19 61
19 62
19 73
19 78
19 80
19 84
19 85
19 86
19 89
20 0
20 4
20 5
20 13
20 15
20 18
20 19
20 20
20 23
20 29
20 32
20 34
20 37
20 41
20 44
20 47
20 48
20 49
20 53
20 54
20 55
20 59
20 60
20 62
20 63
20 65
20 66
20 68
20 69
20 74
20 79
20 82
20 86
20 89
20 90
20 91
20 95
20 97
21 0
21 1
21 3
21 6
21 7
21 10
21 11
21 16
21 19
21 20
21 21
21 23
21 24
21 29
21 30
21 33
21 38
21 41
21 43
21 44
21 45
21 51
21 52
21 53
21 56
21 65
21 74
21 76
21 80
21 84
21 88
21 92
21 93
21 95
22 1
22 2
22 12
22 13
22 15
22 16
22 17
22 18
22 23
22 27
22 28
22 29
22 32
22 33
22 35
22 37
22 44
22 46
22 51
22 56
22 59
22 62
22 63
22 69
22 72
22 73
22 74
22 75
22 82
22 83
22 86
22 89
22 90
22 91
22 92
22 93
22 94
22 96
22 99
23 0
23 4
23 7
23 11
23 15
23 17
23 22
23 25
23 26
23 27
23 32
23 33
23 42
23 44
23 46
23 47
23 50
23 52
23 54
23 59
23 67
23 70
23 71
23 79
23 85
23 90
23 92
23 96
24 1
24 2
24 12
24 13
24 14
24 19
24 20
24 22
24 23
24 30
24 40
24 41
24 48
24 51
24 52
24 53
24 57
24 59
24 76
24 81
24 83
24 91
24 95
24 96
24 98
25 4
25 5
25 8
25 11
25 14
25 17
25 18
25 21
25 23
25 25
25 27
25 29
25 38
25 41
25 42
25 43
25 48
25 50
25 53
25 54
25 56
25 57
25 58
25 59
25 67
25 76
25 78
25 82
25 84
25 85
25 88
25 91
25 93
25 96
25 99
26 2
26 3
26 4
26 11
26 14
26 15
26 20
26 24
26 25
26 27
26 29
26 35
26 36
26 38
26 39
26 41
26 42
26 45
26 46
26 53
26 65
26 66
26 67
26 70
26 71
26 72
26 75
26 78
26 79
26 81
26 87
26 91
26 92
26 95
26 98
27 1
27 3
27 7
27 8
27 14
27 18
27 19
27 28
27 31
27 33
27 38
27 40
27 42
27 43
27 45
27 54
27 55
27 57
27 58
27 61
27 62
27 64
27 66
27 68
27 69
27 73
27 74
27 77
27 79
27 80
27 81
27 83
27 86
27 90
27 92
27 93
28 0
28 6
28 9
28 11
28 12
28 30
28 31
28 32
28 50
28 57
28 59
28 62
28 64
28 66
28 68
28 70
28 77
28 78
28 79
28 80
28 81
28 85
28 91
28 96
29 1
29 2
29 9
29 16
29 17
29 21
29 24
29 26
29 27
29 29
29 30
29 32
29 34
29 35
29 37
29 39
29 40
29 46
29 50
29 53
29 55
29 63
29 65
29 68
29 77
29 85
29 87
29 88
29 93
29 98
30 5
30 8
30 13
30 15
30 16
30 17
30 27
30 29
30 30
30 34
30 36
30 39
30 42
30 44
30 50
30 51
30 52
30 53
30 56
30 64
30 72
30 76
30 78
30 88
30 90
30 93
30 94
30 96
30 99
31 2
31 4
31 5
31 9
31 11
31 20
31 24
31 26
31 29
31 32
31 33
31 34
31 35
31 42
31 49
31 51
31 55
31 56
31 57
31 59
31 60
31 61
31 64
31 66
31 73
31 74
31 78
31 81
31 84
31 86
31 88
31 89
31 90
31 94
31 99
32 2
32 3
32 4
32 12
32 16
32 18
32 19
32 20
32 23
32 25
32 27
32 30
32 31
32 32
32 36
32 38
32 39
32 40
32 41
32 42
32 43
32 44
32 52
32 54
32 55
32 57
32 62
32 63
32 70
32 74
32 78
32 80
32 84
32 90
32 95
32 96
32 97
32 99
33 0
33 2
33 3
33 6
33 10
33 11
33 12
33 15
33 19
33 22
33 26
33 27
33 29
33 31
33 33
33 39
33 41
33 42
33 43
33 46
33 51
33 54
33 56
33 57
33 60
33 69
33 81
33 84
33 85
33 88
33 91
33 95
33 97
33 98
34 2
34 8
34 9
34 12
34 13
34 14
34 15
34 17
34 18
34 19
34 22
34 25
34 27
34 28
34 31
34 35
34 36
34 41
34 42
34 43
34 45
34 47
34 50
34 55
34 57
34 58
34 59
34 62
34 67
34 70
34 71
34 74
34 77
34 81
34 89
34 91
34 93
34 97
34 98
35 6
35 7
35 9
35 11
35 12
35 13
35 16
35 18
35 19
35 22
35 23
35 24
35 27
35 31
35 33
35 35
35 36
35 39
35 40
35 43
35 45
35 48
35 53
35 62
35 69
35 70
35 71
35 74
35 75
35 77
35 83
35 84
35 87
35 88
35 89
35 91
35 92
35 93
35 94
35 97
36 2
36 6
36 11
36 12
36 27
36 29
36 30
36 31
36 40
36 41
36 45
36 47
36 51
36 53
36 58
36 59
36 61
36 64
36 65
36 70
36 71
36 72
36 75
36 76
36 77
36 79
36 83
36 84
36 93
36 97
36 99
37 6
37 7
37 11
37 17
37 18
37 20
37 21
37 23
37 28
37 31
37 35
37 37
37 38
37 41
37 42
37 43
37 50
37 51
37 52
37 55
37 64
37 67
37 70
37 71
37 73
37 74
37 79
37 84
37 87
37 90
37 93
37 94
37 95
37 98
38 0
38 4
38 5
38 7
38 13
38 19
38 21
38 22
38 24
38 26
38 33
38 35
38 36
38 40
38 42
38 44
38 50
38 52
38 53
38 56
38 58
38 63
38 68
38 69
38 75
38 76
38 78
38 83
38 90
38 93
38 94
38 95
38 98
39 2
39 11
39 13
39 14
39 16
39 19
39 20
39 22
39 23
39 24
39 29
39 33
39 36
39 38
39 47
39 49
39 50
39 51
39 52
39 58
39 59
39 62
39 68
39 69
39 71
39 73
39 80
39 81
39 82
39 84
39 88
39 89
39 96
39 98
39 99
40 0
40 1
40 2
40 7
40 9
40 15
40 24
40 25
40 28
40 30
40 33
40 38
40 43
40 45
40 47
40 51
40 52
40 60
40 67
40 75
40 85
40 92
40 93
40 94
40 95
40 98
41 2
41 5
41 6
41 8
41 12
41 19
41 21
41 24
41 25
41 31
41 34
41 37
41 39
41 40
41 42
41 46
41 49
41 53
41 55
41 56
41 57
41 58
41 66
41 70
41 74
41 79
41 80
41 82
41 85
41 88
41 89
41 96
41 97
42 1
42 4
42 12
42 16
42 25
42 26
42 28
42 34
42 35
42 36
42 40
42 44
42 49
42 50
42 53
42 55
42 58
42 63
42 67
42 70
42 71
42 75
42 76
42 80
42 86
42 87
42 96
42 98
43 0
43 8
43 11
43 15
43 18
43 19
43 23
43 24
43 25
43 27
43 30
43 38
43 40
43 41
43 43
43 45
43 46
43 47
43 51
43 53
43 58
43 60
43 66
43 68
43 74
43 80
43 83
43 85
43 86
43 94
43 98
44 1
44 2
44 4
44 7
44 9
44 10
44 11
44 13
44 17
44 18
44 22
44 24
44 25
44 28
44 29
44 31
44 34
44 35
44 37
44 39
44 41
44 46
44 47
44 49
44 51
44 54
44 57
44 60
44 63
44 66
44 69
44 79
44 80
44 87
44 90
44 92
44 93
45 0
45 1
45 3
45 5
45 7
45 8
45 12
45 14
45 19
45 20
45 21
45 22
45 24
45 29
45 30
45 31
45 34
45 40
45 41
45 46
45 48
45 49
45 50
45 52
45 56
45 58
45 59
45 69
45 81
45 90
45 92
45 95
45 99
46 0
46 1
46 3
46 13
46 17
46 19
46 26
46 30
46 31
46 33
46 34
46 35
46 37
46 38
46 39
46 46
46 49
46 50
46 54
46 58
46 61
46 62
46 65
46 72
46 73
46 77
46 82
46 84
46 86
46 87
46 88
46 93
46 94
46 98
46 99
47 0
47 1
47 2
47 7
47 10
47 14
47 15
47 18
47 19
47 23
47 25
47 26
47 29
47 30
47 31
47 33
47 39
47 43
47 45
47 49
47 56
47 59
47 60
47 61
47 63
47 66
47 68
47 70
47 77
47 78
47 79
47 81
47 83
47 85
47 87
47 90
48 3
48 7
48 8
48 9
48 10
48 11
48 14
48 18
48 20
48 29
48 34
48 40
48 41
48 45
48 46
48 51
48 53
48 54
48 55
48 59
48 67
48 68
48 70
48 71
48 73
48 79
48 84
48 88
48 89
48 90
48 91
48 95
49 2
49 9
49 11
49 12
49 13
49 14
49 20
49 21
49 23
49 26
49 32
49 36
49 37
49 41
49 42
49 46
49 48
49 49
49 50
49 52
49 53
49 56
49 57
49 58
49 59
49 65
49 67
49 72
49 73
49 77
49 79
49 85
49 87
49 88
49 89
49 91
49 92
49 95
49 96
50 0
50 3
50 4
50 7
50 18
50 19
50 24
50 25
50 27
50 31
50 32
50 35
50 36
50 42
50 44
50 45
50 46
50 47
50 48
50 49
50 51
50 52
50 55
50 59
50 60
50 61
50 64
50 69
50 76
50 77
50 79
50 80
50 83
50 85
50 86
50 89
50 96
51 0
51 1
51 2
51 9
51 10
51 12
51 15
51 27
51 29
51 39
51 42
51 43
51 44
51 47
51 50
51 55
51 59
51 60
51 64
51 65
51 69
51 77
51 86
51 87
51 89
51 92
51 94
51 95
51 98
52 1
52 3
52 6
52 12
52 14
52 22
52 24
52 30
52 33
52 34
52 36
52 37
52 38
52 39
52 42
52 43
52 48
52 51
52 58
52 60
52 62
52 64
52 71
52 73
52 81
52 82
52 83
52 85
52 90
52 93
52 97
53 2
53 4
53 5
53 11
53 13
53 20
53 22
53 25
53 30
53 31
53 32
53 33
53 36
53 42
53 43
53 44
53 45
53 49
53 50
53 52
53 53
53 54
53 57
53 61
53 64
53 65
53 67
53 75
53 77
53 80
53 89
53 91
53 95
53 97
54 0
54 2
54 7
54 11
54 14
54 20
54 22
54 28
54 31
54 33
54 34
54 35
54 43
54 48
54 51
54 63
54 77
54 80
54 84
54 85
54 89
54 90
55 14
55 23
55 25
55 27
55 30
55 35
55 36
55 39
55 40
55 42
55 45
55 46
55 47
55 48
55 49
55 51
55 54
55 59
55 60
55 61
55 64
55 65
55 70
55 72
55 77
55 78
55 79
55 81
55 82
55 85
55 87
55 88
55 89
55 91
55 94
55 95
55 96
56 0
56 2
56 3
56 8
56 9
56 19
56 21
56 23
56 29
56 39
56 41
56 45
56 46
56 49
56 50
56 51
56 56
56 57
56 59
56 61
56 62
56 65
56 68
56 69
56 71
56 75
56 76
56 77
56 80
56 86
56 88
56 89
56 99
57 0
57 5
57 7
57 12
57 18
57 20
57 21
57 22
57 25
57 29
57 32
57 34
57 40
57 41
57 43
57 44
57 54
57 56
57 58
57 62
57 65
57 73
57 75
57 76
57 77
57 78
57 81
57 88
57 89
57 92
57 95
57 98
58 6
58 9
58 10
58 18
58 21
58 24
58 25
58 26
58 29
58 30
58 34
58 40
58 41
58 46
58 50
58 54
58 57
58 59
58 61
58 63
58 67
58 70
58 71
58 75
58 77
58 81
58 84
58 85
58 87
58 88
58 92
58 93
58 97
59 3
59 10
59 11
59 12
59 14
59 16
59 20
59 21
59 23
59 24
59 26
59 31
59 32
59 33
59 34
59 35
59 36
59 42
59 46
59 48
59 49
59 51
59 55
59 57
59 58
59 60
59 61
59 62
59 68
59 70
59 81
59 82
59 86
59 88
59 89
59 97
60 0
60 9
60 10
60 11
60 17
60 18
60 19
60 22
60 27
60 28
60 29
60 37
60 42
60 45
60 49
60 59
60 60
60 63
60 64
60 65
60 66
60 67
60 68
60 73
60 77
60 81
60 82
60 84
60 86
60 88
60 91
60 92
60 93
60 94
60 95
60 96
60 99
61 5
61 7
61 10
61 11
61 16
61 19
61 20
61 21
61 23
61 28
61 38
61 39
61 42
61 43
61 60
61 61
61 65
61 66
61 74
61 76
61 81
61 82
61 84
61 85
61 88
61 98
61 99
62 6
62 8
62 10
62 11
62 13
62 16
62 17
62 18
62 20
62 23
62 28
62 29
62 30
62 31
62 33
62 43
62 47
62 53
62 59
62 62
62 64
62 65
62 66
62 67
62 72
62 74
62 81
62 86
62 96
63 2
63 8
63 11
63 13
63 14
63 21
63 24
63 28
63 31
63 32
63 33
63 40
63 45
63 47
63 48
63 50
63 54
63 56
63 60
63 61
63 64
63 66
63 68
63 69
63 71
63 75
63 78
63 80
63 82
63 85
63 86
63 89
63 91
63 92
63 94
63 95
63 98
64 0
64 2
64 5
64 6
64 7
64 12
64 17
64 22
64 23
64 24
64 25
64 27
64 29
64 39
64 40
64 43
64 47
64 48
64 59
64 63
64 64
64 65
64 72
64 75
64 80
64 86
64 88
64 92
64 94
64 96
64 97
64 98
65 1
65 4
65 5
65 6
65 7
65 12
65 16
65 20
65 23
65 24
65 25
65 26
65 27
65 29
65 35
65 38
65 39
65 46
65 47
65 48
65 49
65 50
65 52
65 54
65 55
65 60
65 64
65 65
65 79
65 82
65 84
65 87
65 93
65 95
66 2
66 4
66 6
66 7
66 12
66 15
66 17
66 20
66 22
66 24
66 26
66 27
66 28
66 29
66 36
66 40
66 42
66 45
66 52
66 53
66 55
66 56
66 57
66 58
66 60
66 67
66 69
66 78
66 80
66 81
66 82
66 83
66 85
66 86
66 87
66 93
66 96
66 98
67 0
67 1
67 3
67 4
67 7
67 8
67 17
67 18
67 19
67 24
67 31
67 35
67 38
67 39
67 41
67 43
67 46
67 47
67 49
67 52
67 53
67 56
67 57
67 60
67 65
67 66
67 69
67 70
67 77
67 78
67 82
67 83
67 84
67 87
67 89
67 97
67 98
68 0
68 3
68 4
68 6
68 10
68 12
68 14
68 15
68 18
68 24
68 27
68 30
68 34
68 35
68 38
68 42
68 43
68 45
68 50
68 52
68 54
68 56
68 60
68 62
68 65
68 77
68 81
68 83
68 93
68 97
69 1
69 5
69 6
69 7
69 14
69 15
69 22
69 29
69 31
69 33
69 37
69 41
69 42
69 44
69 45
69 49
69 53
69 58
69 59
69 63
69 71
69 74
69 75
69 82
69 84
69 85
69 86
69 89
69 90
69 91
69 92
69 93
69 94
69 95
70 3
70 8
70 10
70 12
70 13
70 19
70 22
70 24
70 29
70 30
70 36
70 42
70 44
70 46
70 55
70 56
70 59
70 60
70 63
70 65
70 66
70 71
70 79
70 86
70 87
70 88
70 89
70 91
70 93
70 96
70 98
71 2
71 3
71 7
71 11
71 12
71 15
71 18
71 23
71 24
71 25
71 26
71 27
71 29
71 30
71 32
71 37
71 38
71 39
71 40
71 43
71 51
71 52
71 53
71 55
71 56
71 57
71 66
71 67
71 72
71 76
71 78
71 81
71 82
71 86
71 87
71 89
71 95
71 97
71 98
71 99
72 2
72 5
72 8
72 9
72 11
72 15
72 22
72 24
72 25
72 26
72 27
72 29
72 30
72 31
72 32
72 34
72 35
72 38
72 41
72 42
72 43
72 44
72 46
72 47
72 55
72 61
72 66
72 67
72 68
72 77
72 78
72 82
72 87
72 88
72 92
72 95
72 97
72 98
72 99
73 1
73 4
73 10
73 13
73 14
73 19
73 21
73 23
73 27
73 28
73 29
73 31
73 35
73 46
73 47
73 48
73 49
73 50
73 52
73 55
73 60
73 65
73 66
73 70
73 71
73 75
73 78
73 79
73 82
73 84
73 87
73 96
73 99
74 2
74 3
74 4
74 5
74 6
74 9
74 14
74 17
74 29
74 30
74 31
74 33
74 36
74 37
74 41
74 43
74 44
74 46
74 49
74 50
74 53
74 63
74 73
74 77
74 78
74 79
74 81
74 82
74 83
74 85
74 88
74 91
74 94
74 99
75 0
75 2
75 5
75 10
75 12
75 14
75 20
75 21
75 22
75 28
75 29
75 30
75 39
75 41
75 45
75 47
75 48
75 50
75 53
75 57
75 58
75 59
75 61
75 62
75 63
75 69
75 70
75 71
75 74
75 75
75 80
75 83
75 84
75 94
75 96
75 98
76 0
76 3
76 4
76 7
76 12
76 15
76 16
76 17
76 18
76 19
76 20
76 22
76 27
76 28
76 29
76 30
76 31
76 32
76 35
76 47
76 50
76 51
76 57
76 58
76 60
76 68
76 69
76 70
76 71
76 76
76 78
76 82
76 83
76 91
76 98
76 99
77 5
77 9
77 15
77 16
77 17
77 23
77 33
77 37
77 38
77 43
77 48
77 54
77 55
77 56
77 57
77 60
77 61
77 62
77 64
77 65
77 66
77 67
77 68
77 72
77 76
77 79
77 80
77 82
77 85
77 89
77 90
77 91
77 93
77 94
77 97
77 98
78 1
78 3
78 4
78 5
78 7
78 9
78 13
78 16
78 18
78 19
78 24
78 30
78 31
78 37
78 40
78 41
78 42
78 44
78 48
78 52
78 54
78 55
78 61
78 62
78 67
78 68
78 69
78 73
78 74
78 75
78 80
78 84
78 88
78 89
78 90
78 92
78 96
79 0
79 3
79 12
79 13
79 16
79 19
79 24
79 25
79 29
79 33
79 34
79 38
79 42
79 47
79 48
79 49
79 50
79 54
79 58
79 59
79 61
79 70
79 75
79 78
79 80
79 85
79 91
79 96
80 0
80 6
80 8
80 11
80 12
80 13
80 21
80 25
80 29
80 30
80 32
80 38
80 42
80 45
80 46
80 51
80 53
80 54
80 55
80 56
80 57
80 60
80 64
80 66
80 68
80 70
80 72
80 73
80 74
80 81
80 85
80 89
80 90
80 94
80 97
81 0
81 9
81 16
81 19
81 24
81 27
81 33
81 37
81 39
81 42
81 44
81 45
81 47
81 49
81 50
81 51
81 52
81 56
81 57
81 62
81 66
81 68
81 76
81 82
81 83
81 87
81 88
81 91
81 92
81 93
81 95
81 99
82 1
82 2
82 4
82 6
82 11
82 13
82 16
82 17
82 22
82 25
82 27
82 31
82 32
82 33
82 39
82 42
82 45
82 46
82 49
82 51
82 59
82 63
82 67
82 68
82 69
82 70
82 71
82 76
82 77
82 78
82 80
82 81
82 83
82 88
82 98
82 99
83 10
83 13
83 14
83 21
83 22
83 40
83 45
83 46
83 48
83 49
83 50
83 51
83 53
83 57
83 58
83 61
83 65
83 69
83 71
83 72
83 73
83 76
83 77
83 82
83 83
83 86
83 88
83 90
83 92
83 93
83 97
84 0
84 6
84 14
84 16
84 23
84 25
84 28
84 30
84 31
84 41
84 42
84 50
84 51
84 52
84 54
84 58
84 59
84 64
84 67
84 69
84 74
84 75
84 76
84 78
84 79
84 80
84 83
84 84
84 93
84 94
84 99
85 3
85 4
85 6
85 8
85 10
85 11
85 14
85 20
85 22
85 23
85 24
85 27
85 28
85 29
85 31
85 34
85 36
85 37
85 38
85 41
85 42
85 44
85 47
85 48
85 50
85 51
85 54
85 57
85 61
85 65
85 66
85 73
85 83
85 84
85 88
86 3
86 11
86 12
86 13
86 21
86 22
86 25
86 26
86 29
86 31
86 32
86 35
86 38
86 44
86 46
86 47
86 48
86 52
86 53
86 55
86 57
86 59
86 64
86 66
86 69
86 70
86 72
86 73
86 80
86 84
86 89
86 91
86 96
86 97
86 98
87 0
87 5
87 7
87 12
87 16
87 18
87 19
87 21
87 26
87 27
87 29
87 31
87 32
87 35
87 44
87 48
87 51
87 52
87 64
87 68
87 71
87 72
87 73
87 75
87 86
87 91
87 93
87 94
87 98
88 3
88 4
88 5
88 11
88 12
88 13
88 16
88 17
88 18
88 19
88 20
88 21
88 22
88 23
88 24
88 29
88 31
88 34
88 38
88 40
88 42
88 43
88 44
88 45
88 51
88 54
88 55
88 57
88 58
88 59
88 60
88 66
88 71
88 76
88 83
88 85
88 86
88 87
88 90
88 93
88 95
88 96
88 98
88 99
89 0
89 4
89 7
89 11
89 15
89 16
89 18
89 21
89 22
89 23
89 29
89 32
89 34
89 39
89 40
89 46
89 47
89 51
89 52
89 55
89 58
89 59
89 60
89 61
89 63
89 67
89 70
89 71
89 81
89 82
89 88
89 89
89 90
90 7
90 8
90 9
90 12
90 14
90 18
90 22
90 23
90 25
90 29
90 32
90 33
90 39
90 42
90 43
90 46
90 49
90 51
90 52
90 58
90 59
90 61
90 63
90 66
90 70
90 79
90 84
90 86
90 89
90 91
90 95
90 97
90 98
90 99
91 5
91 6
91 7
91 9
91 10
91 14
91 20
91 22
91 26
91 29
91 30
91 32
91 37
91 39
91 44
91 45
91 46
91 48
91 53
91 54
91 57
91 64
91 65
91 67
91 73
91 74
91 76
91 80
91 81
91 83
91 86
91 87
91 91
91 93
91 95
92 3
92 5
92 8
92 10
92 11
92 13
92 14
92 17
92 18
92 20
92 22
92 23
92 28
92 30
92 32
92 37
92 39
92 40
92 42
92 45
92 46
92 49
92 52
92 58
92 59
92 60
92 61
92 62
92 66
92 68
92 71
92 73
92 74
92 76
92 77
92 79
92 80
92 84
92 87
92 88
92 91
92 92
92 94
93 2
93 5
93 7
93 9
93 11
93 14
93 19
93 20
93 22
93 24
93 26
93 29
93 31
93 32
93 34
93 38
93 40
93 41
93 50
93 54
93 55
93 56
93 57
93 63
93 64
93 69
93 73
93 77
93 80
93 81
93 82
93 86
93 89
93 92
93 97
94 7
94 9
94 11
94 12
94 13
94 19
94 21
94 25
94 29
94 31
94 35
94 38
94 42
94 43
94 44
94 45
94 46
94 47
94 49
94 51
94 60
94 62
94 68
94 70
94 71
94 73
94 78
94 82
94 86
94 87
94 97
95 3
95 4
95 7
95 8
95 9
95 13
95 16
95 19
95 27
95 41
95 42
95 43
95 44
95 45
95 49
95 51
95 52
95 55
95 59
95 66
95 69
95 71
95 74
95 76
95 78
95 79
95 81
95 84
95 86
95 92
95 93
95 94
96 0
96 4
96 5
96 16
96 17
96 24
96 25
96 28
96 30
96 31
96 40
96 47
96 52
96 56
96 62
96 69
96 71
96 72
96 76
96 80
96 82
96 83
96 96
97 7
97 8
97 10
97 11
97 12
97 13
97 17
97 19
97 27
97 29
97 32
97 38
97 48
97 52
97 58
97 62
97 68
97 73
97 78
97 81
97 82
97 88
97 93
97 94
97 99
98 0
98 3
98 5
98 6
98 7
98 8
98 9
98 15
98 17
98 19
98 22
98 23
98 27
98 29
98 31
98 34
98 36
98 37
98 38
98 40
98 42
98 49
98 50
98 53
98 57
98 58
98 59
98 65
98 67
98 76
98 80
98 81
98 82
98 83
98 85
98 87
98 91
98 92
98 93
98 94
98 95
98 97
98 98
99 3
99 4
99 6
99 17
99 29
99 36
99 42
99 59
99 64
99 65
99 68
99 72
99 74
99 75
99 76
99 78
99 80
99 81
99 82
99 83
99 87
99 92
99 93
99 96
99 97